543462,1715,1464116,pv,1511658000
662867,2244074,1575622,pv,1511658000
561558,3611281,965809,pv,1511658000
894923,3076029,1879194,pv,1511658000
834377,4541270,3738615,pv,1511658000
315321,942195,4339722,pv,1511661600
561558,3611281,965809,pv,1511661600
894923,3076029,1879194,pv,1511661600
834377,4541270,3738615,pv,1511661600
315321,942195,4339722,pv,1511661600
315321,942195,4339722,pv,1511661600
315321,942195,4339722,pv,1605095658
561558,3611281,965809,pv,1605095658
894923,3076029,1879194,pv,1605095658
834377,4541270,3738615,pv,1605095658
315321,942195,4339722,pv,1605095658
315321,942195,4339722,pv,1605095658